SampleSize,ForestSize,RF-Training%,RF-Testing%
1000,1,0.917,0.9
1000,2,0.9271,0.90387
1000,3,0.9615,0.94818
1000,4,0.9662,0.95273
1000,5,0.9742,0.95906
1000,6,0.9711,0.95697
1000,7,0.9771,0.96366
1000,8,0.9756,0.96011
1000,9,0.9807,0.96862
1000,10,0.9795,0.96321
1000,20,0.9863,0.97045
1000,30,0.9897,0.97332
1000,40,0.9918,0.97236
1000,50,0.992,0.97878
1000,60,0.9924,0.976
1000,70,0.9936,0.97509
1000,80,0.993,0.97883
1000,90,0.9935,0.97404
1000,100,0.9933,0.97741
1000,200,0.9956,0.97741
1000,300,0.9945,0.97587
1000,400,0.9943,0.9776
1000,500,0.9951,0.98174
1000,600,0.9948,0.97933
1000,700,0.9955,0.9786
1000,800,0.9953,0.97964
1000,900,0.9949,0.98274
1000,1000,0.994,0.97946
