SampleSize,ForestSize,RF-Training%,RF-Testing%
692,1,0.9211,0.897
692,2,0.93569,0.901
692,3,0.96098,0.934
692,4,0.96026,0.932
692,5,0.98035,0.959
692,6,0.97876,0.969
692,7,0.98208,0.96
692,8,0.98699,0.973
692,9,0.98829,0.97
692,10,0.98887,0.963
692,20,0.99249,0.979
692,30,0.99494,0.972
692,40,0.99451,0.978
692,50,0.99451,0.972
692,60,0.9948,0.98
692,70,0.99639,0.976
692,80,0.99494,0.983
692,90,0.99624,0.975
692,100,0.99581,0.983
692,200,0.99552,0.976
692,300,0.99581,0.98
692,400,0.99595,0.971
692,500,0.99624,0.981
692,600,0.9961,0.987
692,700,0.99653,0.974
692,800,0.99566,0.983
692,900,0.99581,0.986
692,1000,0.99581,0.983
